Throughout this homework, the approx method from the matrix class is used to validate the results.
----------------------------------------------
Generating random symmetric matrix A:

         1          5          2          2          6          6          2 
         5          8          7          4          1          3          4 
         2          7          3          8          8          5          8 
         2          4          8          8          5          4          1 
         6          1          8          5          8          3          3 
         6          3          5          4          3          7          4 
         2          4          8          1          3          4          5 
----------------------------------------------
Making the Jacobi EVD:
The number of sweeps required was: 6

The matrix D containing eigenvalues on the diagonal is:

     -8.44   9.35e-09  -3.01e-08  -1.39e-11  -2.42e-12  -1.21e-13   2.04e-08 
  9.35e-09      -4.51   9.49e-09   4.94e-12   7.63e-13   3.76e-14  -4.41e-09 
 -3.01e-08   9.49e-09       2.81   1.46e-09  -2.73e-14  -6.78e-21   1.94e-08 
 -1.39e-11   4.94e-12   1.46e-09       4.47          0    1.5e-09   7.59e-12 
 -2.42e-12   7.63e-13  -2.76e-14  -5.49e-16       5.71   1.49e-09    1.6e-12 
  -1.2e-13   3.79e-14   1.02e-17    1.5e-09   1.49e-09        7.5   8.95e-14 
  2.04e-08  -4.41e-09   1.94e-08   7.59e-12   1.61e-12   8.85e-14       32.5 

The matrix V containing (normalized) eigenvectors in columns is:

     0.407      0.616       0.42     -0.279      0.348    -0.0111      0.282 
    -0.272     -0.197      0.487    -0.0885     -0.313     -0.637      0.372 
     0.715     -0.359     -0.157      0.286     -0.167    0.00536      0.474 
    -0.171       0.35     -0.301     -0.327     -0.627      0.319      0.395 
    -0.351     -0.213      0.405      0.273       0.21       0.62      0.405 
    -0.155     -0.327     -0.405     -0.545      0.514     -0.106      0.364 
    -0.268      0.423     -0.378      0.594      0.227      -0.31      0.325 
----------------------------------------------
Checking that V^T A V gives D:

     -8.44   9.35e-09  -3.01e-08  -1.39e-11  -2.42e-12  -1.21e-13   2.04e-08 
  9.35e-09      -4.51   9.49e-09   4.94e-12   7.64e-13   3.87e-14  -4.41e-09 
 -3.01e-08   9.49e-09       2.81   1.46e-09  -3.02e-14  -8.88e-16   1.94e-08 
 -1.39e-11   4.94e-12   1.46e-09       4.47   8.88e-16    1.5e-09   7.58e-12 
 -2.42e-12   7.64e-13  -3.04e-14   7.77e-16       5.71   1.49e-09    1.6e-12 
 -1.21e-13    3.9e-14  -9.99e-16    1.5e-09   1.49e-09        7.5   8.18e-14 
  2.04e-08  -4.41e-09   1.94e-08   7.59e-12    1.6e-12   8.08e-14       32.5 

By virtue of the approx. method, this is True
----------------------------------------------
Checking that V D V^T gives A:

         1          5          2          2          6          6          2 
         5          8          7          4          1          3          4 
         2          7          3          8          8          5          8 
         2          4          8          8          5          4          1 
         6          1          8          5          8          3          3 
         6          3          5          4          3          7          4 
         2          4          8          1          3          4          5 

By virtue of the approx. method, this is True
----------------------------------------------
Checking that V^T V gives the identity:

         1   1.11e-16   1.39e-16  -5.55e-17   1.25e-16    2.5e-16  -1.39e-17 
  1.11e-16          1   1.39e-16   1.11e-16    1.8e-16   5.55e-17  -1.67e-16 
  1.39e-16   1.39e-16          1   5.55e-17  -3.19e-16  -3.19e-16   2.78e-17 
 -5.55e-17   1.11e-16   5.55e-17          1   1.39e-16   -2.5e-16  -1.11e-16 
  1.25e-16    1.8e-16  -3.19e-16   1.39e-16          1   2.78e-16  -1.53e-16 
   2.5e-16   5.55e-17  -3.19e-16   -2.5e-16   2.78e-16          1  -2.78e-16 
 -1.39e-17  -1.67e-16   2.78e-17  -1.11e-16  -1.53e-16  -2.78e-16          1 

By virtue of the approx. method, this is True
----------------------------------------------
Checking that V V^T gives the identity:

         1   1.11e-16   1.39e-16  -5.55e-17   1.25e-16    2.5e-16  -1.39e-17 
  1.11e-16          1   1.39e-16   1.11e-16    1.8e-16   5.55e-17  -1.67e-16 
  1.39e-16   1.39e-16          1   5.55e-17  -3.19e-16  -3.19e-16   2.78e-17 
 -5.55e-17   1.11e-16   5.55e-17          1   1.39e-16   -2.5e-16  -1.11e-16 
  1.25e-16    1.8e-16  -3.19e-16   1.39e-16          1   2.78e-16  -1.53e-16 
   2.5e-16   5.55e-17  -3.19e-16   -2.5e-16   2.78e-16          1  -2.78e-16 
 -1.39e-17  -1.67e-16   2.78e-17  -1.11e-16  -1.53e-16  -2.78e-16          1 

By virtue of the approx. method, this is True
----------------------------------------------
In conclusion: The Jacobi EVD is succesful! :-)
