----------------------------------------------
Testing the optimized algorithm as in exercise A:
----------------------------------------------
Generating random symmetric matrix A:

         3          6          1          5          3          1          1 
         6          2          2          7          2          2          7 
         1          2          8          8          7          3          1 
         5          7          8          6          3          5          3 
         3          2          7          3          4          8          5 
         1          2          3          5          8          4          3 
         1          7          1          3          5          3          4 
----------------------------------------------
Making the Jacobi EVD:
The number of sweeps required was: 6

The matrix D containing eigenvalues on the diagonal is:

     -7.49   6.23e-14  -5.22e-16   2.75e-08   -5.4e-10  -6.92e-11  -1.17e-12 
  6.23e-14      -6.35  -2.12e-15  -4.03e-23   2.65e-10   1.35e-11    6.4e-14 
 -5.22e-16  -2.12e-15     -0.456          0   2.14e-11   9.31e-13   1.52e-15 
  2.75e-08  -4.03e-23          0       1.58    1.6e-11  -2.75e-17   3.54e-21 
  -5.4e-10   2.65e-10   2.14e-11    1.6e-11       6.11          0   2.16e-09 
 -6.92e-11   1.35e-11   9.31e-13  -2.75e-17          0       8.53   6.07e-10 
 -1.17e-12    6.4e-14   1.52e-15   3.54e-21   2.16e-09   6.07e-10       29.1 

The matrix V containing (normalized) eigenvectors in columns is:

     0.385     -0.096      0.475     -0.572      0.232     -0.409      0.262 
    -0.414      0.643    -0.0166      0.148     0.0429     -0.518      0.351 
     0.283      0.273      0.266      0.354      0.424      0.533      0.431 
    -0.182     -0.506     -0.531   -0.00764       0.43     -0.106      0.483 
    -0.552     -0.251      0.421     -0.174     -0.397      0.311      0.412 
     0.324      0.325     -0.488     -0.427     -0.429      0.244      0.354 
     0.397     -0.278     0.0732      0.559     -0.488     -0.338      0.308 
----------------------------------------------
Checking that V^T A V gives D:

     -7.49   6.11e-14     -5e-16   2.75e-08   -5.4e-10  -6.92e-11  -1.17e-12 
  6.08e-14      -6.35  -2.83e-15  -3.33e-16   2.65e-10   1.35e-11   6.28e-14 
 -2.26e-16  -1.55e-15     -0.456   1.04e-16   2.14e-11   9.31e-13   4.74e-16 
  2.75e-08  -5.55e-17   5.83e-16       1.58    1.6e-11  -2.39e-15   2.22e-16 
  -5.4e-10   2.65e-10   2.14e-11    1.6e-11       6.11  -2.44e-15   2.16e-09 
 -6.92e-11   1.35e-11   9.31e-13  -1.11e-15     -2e-15       8.53   6.07e-10 
 -1.17e-12   6.13e-14      2e-15          0   2.16e-09   6.07e-10       29.1 

By virtue of the approx. method, this is True
----------------------------------------------
Checking that V D V^T gives A:

         3          6          1          5          3          1          1 
         6          2          2          7          2          2          7 
         1          2          8          8          7          3          1 
         5          7          8          6          3          5          3 
         3          2          7          3          4          8          5 
         1          2          3          5          8          4          3 
         1          7          1          3          5          3          4 

By virtue of the approx. method, this is True
----------------------------------------------
Checking that V^T V gives the identity:

         1   3.33e-16  -1.04e-16  -5.55e-17  -1.67e-16  -2.22e-16  -6.94e-17 
  3.33e-16          1  -2.43e-17   2.78e-17   2.78e-17  -1.67e-16  -5.55e-17 
 -1.04e-16  -2.43e-17          1   3.47e-17  -4.86e-17  -7.63e-17  -2.08e-17 
 -5.55e-17   2.78e-17   3.47e-17          1  -3.89e-16  -1.67e-16  -1.67e-16 
 -1.67e-16   2.78e-17  -4.86e-17  -3.89e-16          1  -4.16e-16   2.78e-16 
 -2.22e-16  -1.67e-16  -7.63e-17  -1.67e-16  -4.16e-16          1  -3.61e-16 
 -6.94e-17  -5.55e-17  -2.08e-17  -1.67e-16   2.78e-16  -3.61e-16          1 

By virtue of the approx. method, this is True
----------------------------------------------
Checking that V V^T gives the identity:

         1   3.33e-16  -1.04e-16  -5.55e-17  -1.67e-16  -2.22e-16  -6.94e-17 
  3.33e-16          1  -2.43e-17   2.78e-17   2.78e-17  -1.67e-16  -5.55e-17 
 -1.04e-16  -2.43e-17          1   3.47e-17  -4.86e-17  -7.63e-17  -2.08e-17 
 -5.55e-17   2.78e-17   3.47e-17          1  -3.89e-16  -1.67e-16  -1.67e-16 
 -1.67e-16   2.78e-17  -4.86e-17  -3.89e-16          1  -4.16e-16   2.78e-16 
 -2.22e-16  -1.67e-16  -7.63e-17  -1.67e-16  -4.16e-16          1  -3.61e-16 
 -6.94e-17  -5.55e-17  -2.08e-17  -1.67e-16   2.78e-16  -3.61e-16          1 

By virtue of the approx. method, this is True
----------------------------------------------
In conclusion: The optimized Jacobi EVD is succesful! :-)
