----------------------------------------------
Randomly generated square matrix A (8x8):

         4          5          3          7          6          5          5          1 
         4          3          4          2          5          6          3          2 
         5          4          5          6          6          3          7          1 
         6          6          6          1          2          3          1          1 
         2          4          6          5          1          6          2          4 
         2          2          2          5          4          7          7          7 
         5          3          3          3          7          4          6          2 
         6          3          2          1          6          5          6          2 
----------------------------------------------
Inverse A^-1:

   -0.0233      -6.85      -3.79      -3.01       7.37      -4.45       6.96       4.15 
     0.198       5.41       2.97       2.72      -6.16       3.73      -5.75      -3.34 
    -0.205       1.19      0.766      0.439      -1.05      0.619      -1.04     -0.727 
     0.105         -4      -2.19      -1.82       4.33      -2.58       4.09       2.25 
    0.0271      0.717      0.172      0.305     -0.767      0.404     -0.149       -0.7 
    0.0543      0.767      0.345       0.11     -0.535      0.308     -0.965    -0.0659 
   -0.0775       3.71       2.36       1.63      -4.09       2.49      -4.24      -1.95 
   -0.0581      -1.97      -1.23     -0.654       1.93      -1.01       2.32      0.785 
----------------------------------------------
Checking that A*A^-1 is the identity matrix:

         1   6.44e-15   6.44e-15      5e-15  -1.07e-14   4.22e-15  -7.55e-15  -5.77e-15 
  7.58e-15          1   1.47e-14   2.24e-14  -3.55e-15   6.66e-15   6.22e-15   6.22e-15 
  3.98e-15   1.71e-14          1   1.57e-14  -3.55e-15   2.44e-15   6.66e-15   3.11e-15 
  4.14e-15   1.75e-14   1.04e-14          1  -1.69e-14   8.66e-15  -2.22e-15  -5.77e-15 
 -8.19e-15  -5.33e-15  -7.11e-15  -1.95e-14          1  -2.66e-15  -1.24e-14  -1.55e-14 
  4.88e-15   8.88e-15   7.11e-15   1.15e-14   7.11e-15          1   7.11e-15   5.33e-15 
 -6.58e-15   2.22e-15  -1.33e-15  -1.31e-14  -7.11e-15   3.11e-15          1  -1.69e-14 
  -4.8e-15   2.22e-15   4.44e-16  -4.22e-15  -1.42e-14   8.44e-15  -8.88e-16          1 

This is in fact (approximately) an identity matrix!
----------------------------------------------
Testing (approx method of the matrix class) that A*A^-1 is I:
A*A^-1 is approximately equal to I: True
----------------------------------------------
